Instance Name: L_LC202.csv
Instance Size: 30
0(0317.6483) 13(0369.0000) 11(0685.0000) 28(2216.0000) 26(2698.0000) 31(3390.0000) 
0(1555.1071) 2(1616.9537) 1(1732.7607) 16(1896.0000) 17(2226.0000) 31(3390.0000) 
0(1099.3068) 14(1223.0000) 29(2311.0000) 31(3390.0000) 
0(0426.9199) 5(0472.3181) 3(0571.3181) 18(0713.7108) 20(0854.0000) 7(0965.2132) 22(1087.5242) 4(1261.0000) 19(2414.0000) 31(3390.0000) 
0(0581.1053) 6(0657.0000) 15(0789.4264) 30(1742.0000) 21(1847.0000) 9(1958.2132) 24(2601.0000) 31(3390.0000) 
0(2472.5825) 10(2565.0000) 25(2791.0000) 31(3390.0000) 
0(2067.9280) 12(2186.0000) 27(2504.0000) 8(2717.2880) 23(2887.0000) 31(3390.0000) 
SOL CHECK  = true
CPLEX STS  = Feasible
CPLEX COST = 8133.04
CPLEX Time = 7201.21 sec.

