Instance Name: L_LC205.csv
Instance Size: 30
0(0260.8091) 5(0306.2073) 2(0413.7002) 1(0529.5071) 20(0637.0000) 16(0742.0000) 17(0993.0000) 3(1095.3693) 18(1275.0000) 4(1378.4164) 19(2820.0000) 31(3390.0000) 
0(1833.6331) 10(1950.7868) 13(2062.0000) 28(2062.0000) 25(2167.0000) 8(2266.0000) 23(2521.0000) 7(2711.0000) 22(2819.2483) 31(3390.0000) 
0(0300.0000) 15(0330.0000) 30(0441.8403) 6(0568.4600) 12(0796.0000) 11(0983.0000) 14(1662.0000) 21(2231.0000) 27(2337.1555) 26(2443.3110) 29(2560.3110) 9(2690.3360) 24(2903.0000) 31(3390.0000) 
SOL CHECK  = true
CPLEX STS  = Feasible
CPLEX COST = 4417.69
CPLEX Time = 7207.05 sec.

