Instance Name: L_LC201.csv
Instance Size: 20
0(2267.8335) 10(2376.0000) 9(2601.0000) 20(2712.2132) 19(2811.2132) 8(2919.4615) 18(3026.4321) 21(3390.0000) 
0(0139.6018) 5(0185.0000) 2(0292.4929) 1(0408.2998) 12(0788.0000) 3(1167.0000) 11(2513.0000) 15(2900.0000) 13(3119.0000) 21(3390.0000) 
0(0421.1053) 6(0497.0000) 16(0605.9737) 21(3390.0000) 
0(0622.0661) 4(0743.0000) 7(0854.0000) 17(1073.0000) 14(1261.0000) 21(3390.0000) 
SOL CHECK  = true
CPLEX STS  = Feasible
CPLEX COST = 4681.68
CPLEX Time = 7201.54 sec.

