Instance Name: L_LC207.csv
Instance Size: 30
0(1419.7634) 10(1534.0000) 11(1645.2132) 25(1889.6477) 13(2016.2673) 26(2135.0000) 28(2252.0000) 7(2381.0000) 9(2480.0000) 22(2597.1662) 24(2704.1367) 31(3390.0000) 
0(0460.1597) 15(0490.1597) 30(0602.0000) 6(0728.6197) 12(1299.0000) 14(1461.0000) 29(1461.0000) 27(1586.0000) 21(1858.0000) 8(1963.0000) 23(2104.0000) 31(3390.0000) 
0(0162.6018) 5(0208.0000) 2(0315.4929) 1(0431.2998) 20(0538.7927) 16(0643.7927) 17(1059.0000) 3(1161.3693) 18(1275.0000) 4(1378.4164) 19(2701.0000) 31(3390.0000) 
SOL CHECK  = true
CPLEX STS  = Feasible
CPLEX COST = 5180.89
CPLEX Time = 7203.27 sec.

