Instance Name: L_LC203.csv
Instance Size: 30
0(0000.0000) 3(0047.4342) 2(0152.4342) 18(0293.5223) 17(0525.6666) 31(3390.0000) 
0(0485.8752) 6(0530.8752) 21(0657.0000) 14(0771.7386) 13(0879.2315) 29(1125.8361) 11(1230.8361) 28(2216.0000) 26(2405.0000) 31(3390.0000) 
0(0551.7707) 5(0597.1690) 20(0783.2158) 7(0894.4290) 22(1016.7400) 1(1130.1708) 16(1293.4101) 4(1421.0000) 19(1655.4991) 15(1969.6776) 12(2121.4514) 30(2326.9027) 27(2449.2137) 8(2565.0207) 23(2887.0000) 31(3390.0000) 
0(2606.8154) 9(2676.7868) 24(2788.0000) 10(2887.0000) 25(2887.0000) 31(3390.0000) 
SOL CHECK  = true
CPLEX STS  = Feasible
CPLEX COST = 5075.87
CPLEX Time = 7202.80 sec.

