Instance Name: L_LC208.csv
Instance Size: 30
0(1584.1625) 4(1661.0000) 13(1888.6735) 28(2264.0000) 19(2627.0000) 31(3390.0000) 
0(0282.8600) 5(0328.2583) 2(0435.7511) 1(0551.5581) 16(0672.8790) 20(0777.8790) 17(0899.1999) 3(1001.5693) 18(1115.0000) 31(3390.0000) 
0(2099.0661) 8(2220.0000) 23(2361.0000) 31(3390.0000) 
0(0515.1597) 15(0545.1597) 30(0657.0000) 6(0783.6197) 10(0912.7349) 11(1023.9481) 14(1597.0000) 29(1597.0000) 21(1976.0000) 12(2082.1555) 26(2184.1555) 27(2304.1555) 25(2403.1555) 9(2549.7594) 7(2648.7594) 22(2757.0077) 24(2863.9782) 31(3390.0000) 
SOL CHECK  = true
CPLEX STS  = Feasible
CPLEX COST = 5223.82
CPLEX Time = 7202.99 sec.

