Instance Name: L_LC203.csv
Instance Size: 20
0(0485.8752) 6(0530.8752) 16(0657.0000) 21(3390.0000) 
0(0000.0000) 3(0047.4342) 13(0189.8269) 1(0314.8126) 2(0430.6196) 11(0598.0405) 12(0793.7240) 21(3390.0000) 
0(2597.0876) 8(2714.2413) 18(2887.0000) 21(3390.0000) 
0(0622.5549) 5(0667.9531) 15(0854.0000) 7(0965.2132) 17(1087.5242) 4(1261.0000) 14(1495.4991) 21(3390.0000) 
0(2531.0286) 9(2601.0000) 19(2712.2132) 10(2811.2132) 20(2811.2132) 21(3390.0000) 
SOL CHECK  = true
CPLEX STS  = Feasible
CPLEX COST = 3433.02
CPLEX Time = 7200.37 sec.

