Instance Name: L_LC201.csv
Instance Size: 30
0(2606.8418) 9(2676.8132) 24(2791.0000) 8(2899.2483) 23(3006.2189) 31(3390.0000) 
0(0721.3878) 7(0854.0000) 22(1073.0000) 31(3390.0000) 
0(0360.3469) 13(0422.1935) 12(0527.1935) 6(0644.0263) 21(0753.0000) 14(1643.0000) 15(1760.1662) 30(1865.1662) 11(1976.3794) 28(2072.3794) 26(2171.3794) 10(2282.5926) 29(2388.7481) 27(2490.7481) 25(2698.0000) 31(3390.0000) 
0(0139.6018) 5(0185.0000) 2(0292.4929) 1(0408.2998) 17(0788.0000) 3(1167.0000) 16(2513.0000) 20(2900.0000) 18(3119.0000) 31(3390.0000) 
0(0636.0661) 4(0757.0000) 19(1261.0000) 31(3390.0000) 
SOL CHECK  = true
CPLEX STS  = Feasible
CPLEX COST = 6001.87
CPLEX Time = 7201.11 sec.

