Instance Name: L_LC206.csv
Instance Size: 30
0(2026.8463) 9(2144.0000) 24(2385.0000) 15(2496.6333) 30(2675.0000) 31(3390.0000) 
0(0202.7948) 5(0248.1930) 20(0347.1930) 2(0452.1930) 1(0568.0000) 17(0744.0000) 3(0853.2094) 18(1030.0000) 16(1829.0000) 31(3390.0000) 
0(1259.2783) 7(1340.0000) 22(2119.0000) 31(3390.0000) 
0(1450.1625) 4(1527.0000) 19(2701.0000) 31(3390.0000) 
0(0615.0000) 10(0645.0000) 6(0783.3735) 14(1268.0000) 12(1560.0000) 11(1846.0000) 27(1985.0000) 21(2090.0000) 29(2195.0000) 13(2301.1555) 28(2403.1555) 26(2603.0000) 25(2702.0000) 8(2810.2483) 23(2810.2483) 31(3390.0000) 
SOL CHECK  = true
CPLEX STS  = Feasible
CPLEX COST = 5859.77
CPLEX Time = 7204.18 sec.

