Instance Name: L_LC204.csv
Instance Size: 30
0(1613.5635) 13(1675.4101) 14(1803.0000) 29(1922.5466) 11(2043.1407) 28(2139.1407) 26(2238.1407) 31(3390.0000) 
0(2068.5998) 6(2144.4945) 21(2253.4682) 12(2385.8946) 27(2551.1342) 9(2664.5649) 24(2778.7517) 8(2887.0000) 23(2993.9706) 31(3390.0000) 
0(0000.0000) 1(0083.1925) 3(0208.1783) 18(0340.6047) 16(0547.7584) 31(3390.0000) 
0(0513.4885) 2(0575.3351) 17(0735.3065) 7(0836.1232) 22(0978.6018) 4(1114.0000) 19(1261.0000) 31(3390.0000) 
0(2215.1440) 10(2323.3105) 15(2434.5237) 30(2539.5237) 25(2698.0000) 5(2812.1868) 20(3010.3533) 31(3390.0000) 
SOL CHECK  = true
CPLEX STS  = Feasible
CPLEX COST = 4790.99
CPLEX Time = 7213.89 sec.

