Instance Name: L_LC202.csv
Instance Size: 20
0(1344.1625) 4(1421.0000) 14(2414.0000) 21(3390.0000) 
0(0581.1053) 6(0657.0000) 16(1837.0000) 9(1948.2132) 10(2405.0000) 19(2601.0000) 20(2791.0000) 21(3390.0000) 
0(2603.0514) 8(2717.2880) 18(2887.0000) 21(3390.0000) 
0(0266.9199) 5(0312.3181) 3(0411.3181) 13(0553.7108) 15(0694.0000) 7(0805.2132) 17(0927.5242) 21(3390.0000) 
0(1555.1071) 2(1616.9537) 1(1732.7607) 11(1896.0000) 12(2226.0000) 21(3390.0000) 
SOL CHECK  = true
CPLEX STS  = Feasible
CPLEX COST = 5213.77
CPLEX Time = 7203.15 sec.

