Instance Name: N_LC101.csv
Instance Size: 30
0(0000.0000) 8(0030.8058) 23(0124.8058) 7(0217.8058) 9(0475.0000) 24(0567.0000) 22(0660.0000) 31(1236.0000) 
0(0250.9488) 10(0290.0000) 25(0385.0000) 12(0500.0000) 13(0593.0000) 14(0732.0000) 29(0732.0000) 28(0825.0000) 27(0917.0000) 31(1236.0000) 
0(0584.9002) 4(0605.0000) 19(0727.0000) 31(1236.0000) 
0(0245.2837) 6(0263.3944) 21(0357.0000) 31(1236.0000) 
0(0026.8673) 5(0042.0000) 3(0133.0000) 20(0225.0000) 1(0448.0000) 2(0621.0000) 17(0825.0000) 16(0917.0000) 18(1010.0000) 31(1236.0000) 
0(0000.0000) 11(0010.0000) 26(0105.0000) 15(0197.0000) 30(0289.0000) 31(1236.0000) 
SOL CHECK  = true
CPLEX STS  = Feasible
CPLEX COST = 1792.24
CPLEX Time = 7202.05 sec.

