Instance Name: N_LC109.csv
Instance Size: 30
0(0004.1690) 11(0014.1690) 26(0109.1690) 14(0201.1690) 29(0297.0000) 15(0392.0000) 30(0489.0711) 13(0581.0711) 28(0676.9020) 31(1236.0000) 
0(0000.0000) 3(0015.1327) 18(0106.1327) 31(1236.0000) 
0(0098.3132) 9(0131.6148) 24(0227.0000) 8(0322.3852) 23(0422.3852) 31(1236.0000) 
0(0275.2859) 4(0291.2859) 6(0384.1143) 21(0477.7199) 19(0575.0000) 31(1236.0000) 
0(0240.2129) 10(0275.5683) 25(0376.7486) 7(0473.8197) 22(0575.0000) 31(1236.0000) 
0(0367.8558) 5(0387.5026) 2(0480.6649) 20(0572.9010) 17(0668.0000) 1(0760.0000) 16(0853.0000) 31(1236.0000) 
0(0746.3944) 12(0759.3944) 27(0853.0000) 31(1236.0000) 
SOL CHECK  = true
CPLEX STS  = Feasible
CPLEX COST = 1683.89
CPLEX Time = 7205.70 sec.

