Instance Name: N_LC105.csv
Instance Size: 20
0(0014.1942) 8(0045.0000) 18(0142.0000) 21(1236.0000) 
0(0054.8673) 3(0070.0000) 13(0161.0000) 5(0253.0000) 15(0499.0000) 21(1236.0000) 
0(0324.2837) 4(0342.3944) 6(0436.0000) 16(0529.0000) 14(0699.0000) 21(1236.0000) 
0(0687.9010) 2(0706.9010) 12(0802.0000) 1(0894.0000) 11(0987.0000) 21(1236.0000) 
0(0137.8674) 7(0171.1690) 10(0267.0000) 20(0362.0000) 9(0457.0000) 19(0549.0000) 17(0642.0000) 21(1236.0000) 
SOL CHECK  = true
CPLEX STS  = Feasible
CPLEX COST = 1251.50
CPLEX Time = 7200.28 sec.

