Instance Name: N_LC102.csv
Instance Size: 30
0(0114.6983) 10(0148.0000) 25(0278.0000) 31(1236.0000) 
0(0336.1690) 6(0352.1690) 21(0448.0000) 31(1236.0000) 
0(0055.1562) 1(0073.8377) 16(0166.8377) 3(0260.0000) 18(0357.0000) 31(1236.0000) 
0(0236.8892) 2(0255.0000) 17(0352.2801) 5(0448.1111) 20(0544.5142) 31(1236.0000) 
0(0054.9810) 7(0085.7868) 9(0182.7868) 22(0286.9289) 24(0384.0000) 8(0479.0000) 23(0571.0000) 4(0685.0832) 19(0777.3193) 31(1236.0000) 
0(0022.3944) 11(0032.3944) 13(0127.3944) 28(0219.3944) 15(0311.3944) 14(0405.0000) 30(0500.0000) 29(0595.0000) 26(0812.0000) 31(1236.0000) 
0(0719.0000) 12(0732.0000) 27(0825.6056) 31(1236.0000) 
SOL CHECK  = true
CPLEX STS  = Feasible
CPLEX COST = 1906.69
CPLEX Time = 7204.39 sec.

