Instance Name: N_LC106.csv
Instance Size: 30
0(0207.0000) 6(0223.0000) 4(0315.8284) 21(0450.0000) 19(0703.0000) 31(1236.0000) 
0(0044.8673) 5(0060.0000) 3(0151.0000) 20(0361.0000) 2(0489.0000) 1(0581.2361) 17(0816.0000) 16(0908.0000) 18(1001.0000) 31(1236.0000) 
0(0000.0000) 8(0030.8058) 23(0124.8058) 9(0217.8058) 7(0478.0000) 24(0571.0000) 22(0664.0000) 31(1236.0000) 
0(0257.9488) 10(0297.0000) 25(0392.0000) 31(1236.0000) 
0(0015.3944) 11(0025.3944) 14(0120.3944) 26(0212.3944) 15(0304.3944) 30(0398.0000) 12(0612.0000) 29(0739.0000) 13(0832.0000) 28(0832.0000) 27(0924.0000) 31(1236.0000) 
SOL CHECK  = true
CPLEX STS  = Feasible
CPLEX COST = 1880.95
CPLEX Time = 7201.76 sec.

