Instance Name: N_LC107.csv
Instance Size: 20
0(0179.8755) 3(0196.0000) 13(0294.0000) 21(1236.0000) 
0(0272.0000) 6(0288.0000) 16(0387.0000) 21(1236.0000) 
0(0090.6983) 10(0124.0000) 20(0217.0000) 9(0312.0000) 19(0407.0000) 7(0502.0000) 17(0597.0000) 4(0708.9317) 14(0801.1678) 21(1236.0000) 
0(0082.5066) 5(0097.6393) 8(0210.0000) 2(0317.4642) 18(0504.0000) 15(0615.9317) 12(0758.0000) 1(0850.0000) 11(0943.0000) 21(1236.0000) 
SOL CHECK  = true
CPLEX STS  = Feasible
CPLEX COST = 1432.95
CPLEX Time = 7206.79 sec.

