Instance Name: N_LC101.csv
Instance Size: 20
0(0245.2837) 6(0263.3944) 16(0357.0000) 21(1236.0000) 
0(0584.9002) 4(0605.0000) 14(0727.0000) 21(1236.0000) 
0(0026.8673) 5(0042.0000) 3(0133.0000) 15(0225.0000) 1(0448.0000) 2(0621.0000) 12(0825.0000) 11(0917.0000) 13(1010.0000) 21(1236.0000) 
0(0000.0000) 8(0030.8058) 18(0124.8058) 7(0217.8058) 10(0312.8058) 20(0407.8058) 9(0502.8058) 19(0594.8058) 17(0687.8058) 21(1236.0000) 
SOL CHECK  = true
CPLEX STS  = Feasible
CPLEX COST = 1271.89
CPLEX Time = 7203.21 sec.

