Instance Name: N_LC103.csv
Instance Size: 20
0(0161.7700) 3(0177.8946) 13(0272.3667) 8(0384.0000) 18(0479.3852) 21(1236.0000) 
0(0340.2369) 5(0357.0000) 1(0457.1980) 11(0550.1980) 15(0646.6012) 2(0738.8372) 12(0832.4428) 21(1236.0000) 
0(0244.8002) 4(0259.9330) 6(0352.1690) 14(0448.0000) 16(0541.1623) 21(1236.0000) 
0(0000.0000) 7(0030.8058) 10(0124.8058) 9(0217.8058) 20(0312.8058) 19(0409.8769) 17(0504.8769) 21(1236.0000) 
SOL CHECK  = true
CPLEX STS  = Feasible
CPLEX COST = 1360.37
CPLEX Time = 7201.40 sec.

