Instance Name: N_LC104.csv
Instance Size: 30
0(0000.0000) 15(0015.0000) 30(0015.0000) 31(1236.0000) 
0(0428.3531) 5(0448.0000) 20(0543.0000) 3(0636.0000) 18(0728.8284) 31(1236.0000) 
0(0000.0000) 1(0020.6155) 16(0112.6155) 2(0206.2211) 17(0300.6932) 31(1236.0000) 
0(0060.9250) 7(0091.7309) 22(0191.9289) 9(0289.0000) 24(0384.0000) 31(1236.0000) 
0(0082.3436) 11(0092.3436) 26(0187.7287) 12(0283.5597) 27(0384.0000) 31(1236.0000) 
0(-0000.0000) 8(0039.3573) 23(0039.3573) 6(0132.3573) 10(0234.5639) 25(0327.5639) 21(0439.4956) 31(1236.0000) 
0(0422.4641) 4(0437.5969) 19(0534.0000) 31(1236.0000) 
0(0529.1886) 13(0545.0000) 14(0637.0000) 29(0732.0000) 28(0825.0000) 31(1236.0000) 
SOL CHECK  = true
CPLEX STS  = Feasible
CPLEX COST = 1515.91
CPLEX Time = 7204.01 sec.

