Instance Name: N_LC108.csv
Instance Size: 30
0(0257.0363) 15(0272.1690) 30(0368.0000) 31(1236.0000) 
0(0000.0000) 8(0030.8058) 23(0124.8058) 9(0217.8058) 7(0318.0000) 24(0489.0000) 22(0582.0000) 31(1236.0000) 
0(0721.1886) 13(0737.0000) 28(0830.0000) 31(1236.0000) 
0(0103.4333) 1(0118.5660) 3(0209.5660) 5(0301.5660) 20(0394.3944) 18(0488.0000) 16(0830.0000) 31(1236.0000) 
0(0110.5345) 11(0120.5345) 14(0215.5345) 29(0310.5345) 10(0430.9484) 25(0528.0194) 12(0648.1690) 26(0744.0000) 27(0836.0000) 31(1236.0000) 
0(0365.1132) 6(0384.7600) 21(0477.9223) 4(0570.1584) 19(0662.3944) 2(0756.0000) 17(0851.0000) 31(1236.0000) 
SOL CHECK  = true
CPLEX STS  = Feasible
CPLEX COST = 1771.43
CPLEX Time = 7212.91 sec.

