Instance Name: N_LC105.csv
Instance Size: 30
0(0054.0000) 11(0064.0000) 26(0159.0000) 15(0251.0000) 30(0343.0000) 31(1236.0000) 
0(0014.1942) 8(0045.0000) 23(0142.0000) 10(0244.0000) 25(0362.0000) 31(1236.0000) 
0(0054.8673) 3(0070.0000) 18(0161.0000) 5(0253.0000) 20(0499.0000) 31(1236.0000) 
0(0138.6983) 7(0172.0000) 9(0448.0000) 24(0541.0000) 22(0634.0000) 31(1236.0000) 
0(0324.2837) 4(0342.3944) 6(0436.0000) 21(0529.0000) 19(0699.0000) 31(1236.0000) 
0(0696.0000) 14(0709.0000) 29(0709.0000) 31(1236.0000) 
0(0598.2800) 13(0616.0000) 12(0708.0000) 28(0802.2426) 27(0894.2426) 31(1236.0000) 
0(0687.9010) 2(0706.9010) 17(0802.0000) 1(0894.0000) 16(0987.0000) 31(1236.0000) 
SOL CHECK  = true
CPLEX STS  = Feasible
CPLEX COST = 1699.17
CPLEX Time = 7205.90 sec.

