Instance Name: N_LC102.csv
Instance Size: 20
0(0058.9487) 1(0077.6303) 11(0170.6303) 3(0263.7926) 13(0360.7926) 8(0475.0000) 18(0567.0000) 21(1236.0000) 
0(0000.0000) 7(0030.8058) 10(0124.8058) 9(0217.8058) 20(0312.8058) 19(0407.8058) 17(0504.8769) 21(1236.0000) 
0(0393.0460) 6(0409.0460) 16(0504.8769) 21(1236.0000) 
0(0236.8892) 2(0255.0000) 12(0352.2801) 5(0448.1111) 15(0544.5142) 4(0636.7503) 14(0728.9863) 21(1236.0000) 
SOL CHECK  = true
CPLEX STS  = Feasible
CPLEX COST = 1405.97
CPLEX Time = 7208.93 sec.

