Instance Name: N_LC104.csv
Instance Size: 20
0(0021.1942) 7(0052.0000) 10(0146.0000) 20(0239.0000) 9(0334.0000) 19(0429.0000) 17(0524.0000) 21(1236.0000) 
0(0422.4641) 4(0437.5969) 14(0534.0000) 21(1236.0000) 
0(0428.3531) 5(0448.0000) 15(0543.0000) 3(0636.0000) 13(0728.8284) 21(1236.0000) 
0(0000.0000) 1(0020.6155) 11(0112.6155) 2(0206.2211) 12(0300.6932) 21(1236.0000) 
0(0000.0000) 8(0039.3573) 18(0039.3573) 6(0132.3573) 16(0243.8282) 21(1236.0000) 
SOL CHECK  = true
CPLEX STS  = Feasible
CPLEX COST = 1118.74
CPLEX Time = 7202.02 sec.

