Instance Name: N_LC107.csv
Instance Size: 30
0(0179.8755) 3(0196.0000) 18(0294.0000) 31(1236.0000) 
0(0090.0000) 11(0100.0000) 15(0195.0000) 30(0287.0000) 26(0387.0000) 31(1236.0000) 
0(0272.0000) 6(0288.0000) 21(0387.0000) 31(1236.0000) 
0(0745.0000) 14(0758.0000) 29(0758.0000) 31(1236.0000) 
0(0082.5066) 5(0097.6393) 8(0210.0000) 2(0317.4642) 23(0504.0000) 20(0615.9317) 17(0758.0000) 31(1236.0000) 
0(0554.0373) 12(0571.7574) 13(0663.7574) 28(0758.0000) 27(0850.0000) 31(1236.0000) 
0(0090.6983) 10(0124.0000) 25(0217.0000) 9(0312.0000) 24(0407.0000) 7(0502.0000) 22(0597.0000) 4(0708.9317) 19(0801.1678) 1(0894.1678) 16(0987.1678) 31(1236.0000) 
SOL CHECK  = true
CPLEX STS  = Feasible
CPLEX COST = 1808.05
CPLEX Time = 7202.37 sec.

