Instance Name: S_LRC101.csv
Instance Size: 30
0(0002.2441) 10(0037.5995) 25(0050.5995) 9(0066.5995) 24(0113.0000) 31(0240.0000) 
0(0019.9556) 14(0065.0000) 29(0077.0000) 12(0092.3852) 27(0107.7703) 13(0125.0504) 28(0138.0504) 31(0240.0000) 
0(0030.6887) 4(0071.0000) 19(0141.0000) 31(0240.0000) 
0(0025.4739) 8(0059.0000) 23(0075.0000) 6(0094.4340) 21(0142.0000) 31(0240.0000) 
0(0012.5507) 2(0050.2866) 17(0067.5667) 5(0084.5667) 20(0097.5667) 3(0113.3977) 18(0132.0000) 1(0145.0000) 16(0145.0000) 31(0240.0000) 
0(0087.0000) 15(0122.0000) 30(0148.0000) 31(0240.0000) 
0(0050.0690) 11(0064.8338) 26(0102.0000) 7(0122.0000) 22(0149.0000) 31(0240.0000) 
CPLEX STS  = Feasible
CPLEX COST = 1188.09
CPLEX Time = 7202.49 sec.

