Instance Name: S_LRC102.csv
Instance Size: 20
0(0030.7689) 8(0072.0000) 18(0093.1803) 21(0240.0000) 
0(0025.4739) 10(0059.0000) 20(0089.8806) 9(0107.0917) 19(0133.2162) 21(0240.0000) 
0(0015.0120) 2(0045.8179) 1(0063.0980) 11(0078.9289) 12(0091.9289) 4(0103.9289) 7(0121.0000) 17(0121.0000) 14(0155.0000) 21(0240.0000) 
0(0050.5292) 6(0089.0000) 16(0110.4018) 5(0123.4018) 3(0138.4018) 13(0150.4018) 15(0189.0374) 21(0240.0000) 
SOL CHECK  = true
CPLEX STS  = Feasible
CPLEX COST = 0723.05
CPLEX Time = 7211.51 sec.

