Instance Name: S_LRC105.csv
Instance Size: 30
0(0045.4739) 7(0079.0000) 22(0101.0000) 8(0123.0000) 23(0147.0000) 31(0240.0000) 
0(0005.2993) 9(0020.0641) 24(0049.1690) 10(0062.1690) 11(0078.0000) 12(0090.0000) 27(0090.0000) 26(0122.3607) 25(0152.0000) 31(0240.0000) 
0(0049.1603) 14(0089.2102) 13(0104.5954) 15(0116.5954) 30(0128.5954) 29(0148.7934) 28(0171.0000) 31(0240.0000) 
0(0063.9630) 6(0103.0143) 21(0116.0143) 5(0131.8452) 20(0171.0000) 31(0240.0000) 
0(0061.5662) 2(0092.3721) 3(0106.3721) 17(0126.5701) 18(0138.5701) 4(0153.9553) 19(0153.9553) 1(0171.0263) 16(0200.0000) 31(0240.0000) 
SOL CHECK  = true
CPLEX STS  = Feasible
CPLEX COST = 0992.01
CPLEX Time = 7206.24 sec.

