Instance Name: S_LRC104.csv
Instance Size: 30
0(0038.8610) 14(0053.0031) 29(0089.9289) 9(0104.9289) 24(0124.9289) 12(0142.0000) 27(0142.0000) 11(0162.4403) 26(0191.5453) 31(0240.0000) 
0(0011.3714) 6(0050.6652) 21(0082.5969) 2(0095.5969) 17(0112.5969) 4(0129.0000) 19(0141.0000) 5(0156.0000) 20(0187.0950) 31(0240.0000) 
0(0009.6447) 13(0045.0000) 10(0058.0000) 28(0073.0000) 25(0089.0000) 8(0104.3852) 23(0129.9415) 15(0166.8116) 30(0180.8116) 31(0240.0000) 
0(0010.6962) 1(0030.3431) 3(0051.1134) 16(0089.3977) 18(0102.3977) 7(0121.0000) 22(0163.0156) 31(0240.0000) 
SOL CHECK  = true
CPLEX STS  = Feasible
CPLEX COST = 0933.18
CPLEX Time = 7203.77 sec.

