Instance Name: S_LRC108.csv
Instance Size: 30
0(0026.5292) 6(0065.0000) 21(0090.0000) 5(0105.0000) 20(0105.0000) 2(0118.0000) 17(0132.0000) 31(0240.0000) 
0(0000.0000) 10(0032.3883) 11(0048.3883) 25(0060.3883) 26(0081.5686) 8(0097.3996) 23(0115.3996) 31(0240.0000) 
0(0020.3300) 1(0058.4088) 16(0058.4088) 4(0073.4088) 19(0086.4088) 3(0100.0144) 18(0115.3996) 31(0240.0000) 
0(0011.4590) 12(0045.0000) 13(0064.4340) 27(0091.8982) 28(0107.2834) 14(0122.2834) 29(0122.2834) 15(0136.2834) 30(0156.4814) 31(0240.0000) 
0(0068.1884) 7(0103.5438) 9(0120.6148) 24(0138.6148) 22(0154.0000) 31(0240.0000) 
SOL CHECK  = true
CPLEX STS  = Feasible
CPLEX COST = 0886.12
CPLEX Time = 7203.34 sec.

