Instance Name: S_LRC106.csv
Instance Size: 20
0(0014.5399) 2(0045.3457) 12(0065.5438) 4(0078.5438) 6(0093.9289) 16(0108.9289) 14(0126.0000) 21(0240.0000) 
0(0045.0738) 7(0078.6148) 9(0094.0000) 10(0109.0000) 20(0109.0000) 17(0129.0000) 19(0177.0789) 21(0240.0000) 
0(0059.8579) 8(0079.8579) 18(0104.0000) 21(0240.0000) 
0(0052.2952) 5(0085.5969) 3(0100.5969) 13(0117.0000) 1(0130.0000) 11(0130.0000) 15(0158.9737) 21(0240.0000) 
SOL CHECK  = true
CPLEX STS  = Feasible
CPLEX COST = 0662.64
CPLEX Time = 7200.32 sec.

