Instance Name: S_LRC102.csv
Instance Size: 30
0(0050.5292) 6(0089.0000) 21(0110.4018) 5(0123.4018) 20(0157.7533) 31(0240.0000) 
0(0008.8137) 12(0044.1690) 27(0060.0000) 8(0072.0000) 23(0093.1803) 31(0240.0000) 
0(0018.9140) 2(0049.7199) 1(0067.0000) 17(0080.6056) 16(0093.6056) 7(0114.7859) 22(0114.7859) 3(0127.7859) 18(0141.0000) 31(0240.0000) 
0(0033.2577) 10(0066.7838) 25(0097.6644) 9(0114.8755) 24(0141.0000) 31(0240.0000) 
0(0027.7745) 14(0047.0098) 15(0078.5969) 30(0095.0000) 29(0111.0000) 31(0240.0000) 
0(0105.3740) 4(0145.6852) 19(0181.1803) 31(0240.0000) 
0(0079.1115) 13(0097.0000) 11(0142.0000) 28(0163.1803) 26(0181.1803) 31(0240.0000) 
CPLEX STS  = Feasible
CPLEX COST = 1155.42
CPLEX Time = 7202.11 sec.

