Instance Name: S_LRC106.csv
Instance Size: 30
0(0033.8059) 10(0066.1942) 25(0066.1942) 9(0081.1942) 24(0122.0000) 31(0240.0000) 
0(0064.9177) 15(0085.5332) 30(0115.7570) 14(0131.1421) 29(0143.1421) 31(0240.0000) 
0(0059.8579) 8(0079.8579) 23(0104.0000) 7(0119.0000) 22(0143.1421) 31(0240.0000) 
0(0035.9526) 11(0045.1722) 12(0082.0980) 13(0097.9289) 28(0109.9289) 26(0127.0000) 27(0158.2132) 31(0240.0000) 
0(0029.6110) 2(0060.4168) 17(0080.6148) 4(0093.6148) 6(0109.0000) 21(0124.0000) 19(0141.0711) 31(0240.0000) 
0(0052.2952) 5(0085.5969) 3(0100.5969) 18(0117.0000) 1(0130.0000) 16(0130.0000) 20(0158.9737) 31(0240.0000) 
SOL CHECK  = true
CPLEX STS  = Feasible
CPLEX COST = 0998.37
CPLEX Time = 7202.63 sec.

