Instance Name: S_LRC105.csv
Instance Size: 20
0(0094.1969) 8(0125.8197) 18(0147.0000) 21(0240.0000) 
0(0006.2993) 9(0021.0641) 19(0050.1690) 10(0063.1690) 7(0079.0000) 17(0111.0000) 20(0152.0000) 21(0240.0000) 
0(0061.9488) 6(0101.0000) 16(0114.0000) 5(0129.8310) 15(0168.9857) 21(0240.0000) 
0(0061.3791) 2(0092.1849) 3(0106.1849) 13(0126.9553) 12(0138.9553) 4(0153.9553) 14(0153.9553) 1(0171.0263) 11(0200.0000) 21(0240.0000) 
SOL CHECK  = true
CPLEX STS  = Feasible
CPLEX COST = 0730.36
CPLEX Time = 7200.29 sec.

