Instance Name: S_LRC103.csv
Instance Size: 20
0(0093.3062) 8(0124.9289) 18(0142.0000) 21(0240.0000) 
0(0017.0285) 10(0049.4168) 9(0062.4168) 19(0078.2477) 7(0093.6329) 17(0114.8132) 20(0149.0000) 21(0240.0000) 
0(0002.3156) 1(0040.3944) 11(0053.3944) 6(0067.0000) 16(0091.0000) 4(0106.8310) 14(0140.0000) 21(0240.0000) 
0(0057.4424) 3(0090.0000) 5(0120.2485) 2(0137.2485) 13(0152.6336) 15(0164.6336) 12(0180.0188) 21(0240.0000) 
SOL CHECK  = true
CPLEX STS  = Feasible
CPLEX COST = 0784.39
CPLEX Time = 7204.74 sec.

