Instance Name: L_LC201.csv
Instance Size: 60
0(2585.9167) 29 59 61 
0(0311.1534) 2 7 32 37 61 
0(0007.3719) 16 5 46 12 14 44 42 35 61 
0(0387.8075) 1 4 3 34 31 33 61 
0(0138.6868) 17 47 13 20 50 43 61 
0(0493.9180) 28 18 21 51 58 48 61 
0(0792.5658) 30 60 27 24 57 25 54 26 56 55 61 
0(0568.1317) 6 36 23 22 53 52 19 49 15 45 11 41 10 9 40 39 8 38 61 
SOL CHECK          = true
SOL COST           = 12549.44
BP  Time           = 0002.26 sec.
SOL NODES          = 1
SOL ROUTES         = 8
ROOT LB            = 12549.4380
FUEL COST          = 3744.0348
REFRIGERATION COST = 5994.7521
DECAY COST         = 2810.6510


