Instance Name: L_LC202.csv
Instance Size: 50
0(2051.0551) 2 27 51 
0(0000.0000) 3 28 51 
0(1375.0000) 24 49 51 
0(2585.9167) 25 50 51 
0(0658.1317) 18 17 42 21 46 43 51 
0(0622.5549) 5 30 7 32 1 4 26 29 51 
0(0744.4217) 11 15 40 36 51 
0(1099.3068) 14 12 39 37 51 
0(0317.6483) 13 20 45 38 51 
0(0046.6981) 16 41 19 44 22 6 23 48 47 31 9 8 10 34 35 33 51 
SOL CHECK          = true
SOL COST           = 10625.60
BP  Time           = 0003.62 sec.
SOL NODES          = 1
SOL ROUTES         = 10
ROOT LB            = 10625.6030
FUEL COST          = 4333.6524
REFRIGERATION COST = 4810.5368
DECAY COST         = 1481.4138


