Instance Name: L_LC207.csv
Instance Size: 60
0(0366.1534) 2 32 61 
0(0162.6018) 5 35 61 
0(1457.4677) 29 59 61 
0(0291.6744) 15 45 18 21 51 17 48 47 61 
0(0715.5034) 16 46 20 50 19 49 11 41 12 14 44 42 13 43 7 37 61 
0(0419.9167) 23 22 6 52 10 27 25 53 57 26 36 8 40 38 9 39 24 56 55 54 61 
0(0186.7847) 30 1 31 3 4 33 28 58 60 34 61 
SOL CHECK          = true
SOL COST           = 10080.20
BP  Time           = 3658.48 sec.
SOL NODES          = 1
SOL ROUTES         = 7
ROOT LB            = 10080.1951
FUEL COST          = 4031.6820
REFRIGERATION COST = 4110.2475
DECAY COST         = 1938.2656


