Instance Name: L_LC203.csv
Instance Size: 60
0(2037.9180) 28 58 61 
0(0022.9115) 17 18 47 21 48 51 61 
0(0556.4752) 5 35 7 37 1 4 31 34 61 
0(0000.0000) 30 60 22 6 36 52 14 12 16 46 44 42 61 
0(0931.8978) 27 26 24 57 54 56 25 55 61 
0(0359.8013) 3 33 2 20 13 29 32 59 43 50 61 
0(0988.8359) 23 19 53 49 15 11 45 41 8 9 39 10 40 38 61 
SOL CHECK          = true
SOL COST           = 8954.33
BP  Time           = 0961.01 sec.
SOL NODES          = 1
SOL ROUTES         = 7
ROOT LB            = 8954.3279
FUEL COST          = 4184.4336
REFRIGERATION COST = 3983.8460
DECAY COST         = 0786.0482


