Instance Name: L_LC201.csv
Instance Size: 80
0(0636.0661) 4 44 81 
0(0721.3878) 7 47 81 
0(0000.0000) 17 57 81 
0(1013.1187) 20 60 81 
0(0840.3769) 21 61 34 74 81 
0(2606.8418) 9 49 8 48 81 
0(0139.6018) 5 2 1 42 3 40 80 41 45 43 81 
0(0140.0000) 16 56 13 12 6 46 18 23 22 63 62 19 59 14 15 55 11 53 51 10 54 52 58 50 81 
0(0219.9167) 37 31 28 30 70 77 68 71 81 
0(0135.3803) 39 33 79 73 32 72 29 69 81 
0(0142.5736) 38 35 78 36 27 76 75 24 67 25 64 26 66 65 81 
SOL CHECK          = true
SOL COST           = 15554.95
BP  Time           = 1405.17 sec.
SOL NODES          = 1
SOL ROUTES         = 11
ROOT LB            = 15554.9469
FUEL COST          = 4382.7443
REFRIGERATION COST = 6256.4507
DECAY COST         = 4915.7519


