Instance Name: N_LC108.csv
Instance Size: 60
0(0458.9445) 7 37 61 
0(0645.2800) 12 42 61 
0(0239.5469) 30 60 61 
0(0292.0000) 5 35 6 36 61 
0(0279.4739) 19 49 20 50 61 
0(0000.0000) 8 38 9 10 40 39 61 
0(0210.8673) 1 3 33 4 34 31 2 32 61 
0(0273.5660) 14 16 46 44 13 43 61 
0(0158.1969) 18 17 47 21 51 48 61 
0(0106.4471) 25 24 23 22 54 26 53 56 55 27 57 52 61 
0(0373.8226) 29 59 28 58 61 
0(0199.6148) 11 15 45 41 61 
SOL CHECK          = true
SOL COST           = 4136.37
BP  Time           = 0006.58 sec.
SOL NODES          = 1
SOL ROUTES         = 12
ROOT LB            = 4136.3711
FUEL COST          = 0997.1057
REFRIGERATION COST = 2028.9515
DECAY COST         = 1110.3140


