Instance Name: N_LC107.csv
Instance Size: 80
0(0179.8755) 3 43 81 
0(0272.0000) 6 46 81 
0(0832.0000) 14 54 81 
0(0638.6393) 33 73 81 
0(0180.1938) 34 74 81 
0(0089.7108) 40 80 39 79 81 
0(0093.1611) 17 57 20 60 21 61 81 
0(0181.9429) 29 69 32 72 81 
0(0179.3944) 15 55 16 56 12 13 53 52 81 
0(0088.8339) 11 18 51 19 58 59 81 
0(0089.4471) 24 22 23 62 25 65 26 64 63 66 81 
0(0270.8579) 35 36 38 76 78 75 81 
0(0082.5066) 5 8 2 48 45 42 1 41 81 
0(0133.7666) 10 50 9 49 7 47 4 44 81 
0(0002.0616) 37 31 30 70 71 28 77 68 27 67 81 
SOL CHECK          = true
SOL COST           = 5616.62
BP  Time           = 0298.71 sec.
SOL NODES          = 1
SOL ROUTES         = 15
ROOT LB            = 5616.6198
TC                 = 1379.1325
RC                 = 2719.0715
DC                 = 1518.4158
FLabel             = 474210
FDom               = 232257
BLabel             = 127081
BDom               = 55348


