Instance Name: N_LC106.csv
Instance Size: 80
0(0696.6393) 33 73 81 
0(0213.7934) 34 74 81 
0(0287.2772) 15 55 16 56 81 
0(0033.7108) 40 80 39 79 81 
0(0000.0000) 31 71 29 69 32 72 81 
0(0044.8673) 5 3 45 2 1 42 41 43 81 
0(0009.2679) 11 14 51 10 50 12 54 13 53 52 81 
0(0066.7153) 18 19 58 59 21 61 20 60 28 68 81 
0(0046.4471) 25 24 23 22 26 64 27 65 66 62 67 63 81 
0(0182.8511) 17 30 70 57 81 
0(0142.1938) 36 35 76 38 75 78 37 77 81 
0(0207.0000) 6 4 46 44 81 
0(0000.0000) 8 48 9 7 49 47 81 
SOL CHECK          = true
SOL COST           = 5714.46
BP  Time           = 0056.88 sec.
SOL NODES          = 1
SOL ROUTES         = 13
ROOT LB            = 5714.4562
FUEL COST          = 1225.5702
REFRIGERATION COST = 2972.5126
DECAY COST         = 1516.3735


