Instance Name: N_LC109.csv
Instance Size: 60
0(0362.0000) 4 34 61 
0(0922.0000) 12 42 61 
0(0000.0000) 17 47 61 
0(0739.7868) 28 58 61 
0(0095.5649) 30 60 29 59 61 
0(0000.0000) 8 9 10 39 40 38 61 
0(0175.1295) 14 16 46 44 7 37 61 
0(0270.0000) 11 41 15 45 13 43 61 
0(0000.0000) 3 33 6 36 5 35 2 32 1 31 61 
0(0099.3772) 18 48 20 50 21 51 19 49 61 
0(0088.4471) 23 53 22 52 24 54 25 27 57 55 26 56 61 
SOL CHECK          = true
SOL COST           = 3424.86
BP  Time           = 0819.66 sec.
SOL NODES          = 257
SOL ROUTES         = 11
ROOT LB            = 3417.7768
TC                 = 0898.7510
RC                 = 1884.4792
DC                 = 0641.6259
FLabel             = 157753
FDom               = 90988
BLabel             = 19089
BDom               = 11214


