Instance Name: N_LC105.csv
Instance Size: 80
0(0787.0000) 14 54 81 
0(0242.5649) 29 69 81 
0(0037.1938) 37 77 81 
0(0153.5658) 39 79 81 
0(0289.1603) 40 80 81 
0(0054.8673) 3 43 5 45 81 
0(0014.1942) 8 48 10 50 81 
0(0035.5707) 11 51 17 57 21 61 81 
0(0687.9010) 2 42 1 41 81 
0(0138.6983) 7 9 49 47 81 
0(0063.0000) 31 30 71 70 32 72 81 
0(0325.9722) 34 33 73 74 81 
0(0324.2837) 4 6 46 44 81 
0(0408.0000) 16 56 13 12 53 52 81 
0(0016.5686) 18 19 15 55 59 58 20 60 81 
0(0000.0000) 24 23 22 62 64 25 65 63 27 67 28 68 26 66 81 
0(0130.7934) 36 35 38 75 76 78 81 
SOL CHECK          = true
SOL COST           = 5211.75
BP  Time           = 0095.63 sec.
SOL NODES          = 1
SOL ROUTES         = 17
ROOT LB            = 5211.7475
FUEL COST          = 1456.6983
REFRIGERATION COST = 2848.4514
DECAY COST         = 0906.5978


