Instance Name: N_LC107.csv
Instance Size: 60
0(0179.8755) 3 33 61 
0(0272.0000) 6 36 61 
0(0736.1886) 13 43 61 
0(0185.5649) 30 60 61 
0(0090.0000) 11 15 45 41 61 
0(0089.1942) 8 10 40 9 39 38 61 
0(0089.3772) 17 18 47 21 51 48 61 
0(0827.5909) 28 58 27 57 61 
0(0642.2800) 12 14 44 42 61 
0(0141.8606) 5 16 46 35 4 34 61 
0(0361.8892) 2 7 37 32 1 31 61 
0(0089.4471) 24 22 23 52 25 55 26 54 53 56 61 
0(0128.7103) 29 59 20 50 19 49 61 
SOL CHECK          = true
SOL COST           = 4120.63
BP  Time           = 0000.56 sec.
SOL NODES          = 1
SOL ROUTES         = 13
ROOT LB            = 4120.6281
TC                 = 1089.7422
RC                 = 1889.3911
DC                 = 1141.4947
FLabel             = 16264
FDom               = 9733
BLabel             = 5346
BDom               = 2476


