Instance Name: N_LC102.csv
Instance Size: 60
0(0393.1690) 6 36 61 
0(0764.0000) 12 42 61 
0(0117.0000) 13 43 61 
0(0480.7689) 20 50 61 
0(0216.9500) 30 60 61 
0(0055.1562) 1 31 3 33 61 
0(0383.9289) 14 44 16 46 61 
0(0021.8513) 28 58 29 59 61 
0(0112.6983) 10 9 40 39 8 38 61 
0(0000.0000) 18 48 17 47 19 49 21 51 61 
0(0063.0000) 11 15 45 41 61 
0(0012.3529) 7 37 2 32 5 35 4 34 61 
0(0025.4471) 22 24 23 52 25 26 56 54 53 27 57 55 61 
SOL CHECK          = true
SOL COST           = 3932.81
BP  Time           = 0005.58 sec.
SOL NODES          = 1
SOL ROUTES         = 13
ROOT LB            = 3932.8080
FUEL COST          = 1057.7208
REFRIGERATION COST = 2037.9673
DECAY COST         = 0837.1199


