Instance Name: N_LC102.csv
Instance Size: 80
0(0000.0000) 1 41 81 
0(0393.1690) 6 46 81 
0(0114.6983) 10 50 81 
0(0575.2800) 16 56 81 
0(0480.7689) 20 60 81 
0(0076.5658) 39 79 81 
0(0052.0000) 31 30 70 71 81 
0(0113.7168) 37 77 40 80 81 
0(0054.9810) 7 9 47 49 8 48 81 
0(0021.8513) 28 68 29 69 32 72 81 
0(0000.0000) 18 58 17 57 19 59 21 61 81 
0(0062.7896) 5 3 2 43 42 45 4 44 81 
0(0022.3944) 11 13 53 15 14 55 54 12 51 52 81 
0(0203.8579) 35 36 76 38 78 75 81 
0(0025.4471) 22 24 23 62 25 26 66 64 63 27 67 65 81 
0(0064.7934) 33 34 73 74 81 
SOL CHECK          = true
SOL COST           = 6102.43
BP  Time           = 0249.93 sec.
SOL NODES          = 1
SOL ROUTES         = 16
ROOT LB            = 6102.4264
TC                 = 1453.3403
RC                 = 3060.9038
DC                 = 1588.1823
FLabel             = 443315
FDom               = 225400
BLabel             = 155742
BDom               = 81230


