Instance Name: N_LC103.csv
Instance Size: 60
0(0334.8050) 4 34 61 
0(0494.5279) 6 36 61 
0(0000.0000) 7 37 61 
0(0870.8345) 12 42 61 
0(0249.5649) 30 60 61 
0(0206.8204) 11 15 41 45 61 
0(0000.0000) 28 58 29 59 61 
0(0112.6983) 10 9 40 8 39 38 61 
0(0025.4471) 25 24 23 22 53 27 57 26 52 55 56 54 61 
0(0017.0785) 1 31 3 33 5 14 44 35 2 32 61 
0(0208.8673) 13 20 50 43 61 
0(0000.0000) 18 48 17 21 47 51 19 49 16 46 61 
SOL CHECK          = true
SOL COST           = 3855.20
BP  Time           = 0075.68 sec.
SOL NODES          = 1
SOL ROUTES         = 12
ROOT LB            = 3855.1996
FUEL COST          = 1036.2751
REFRIGERATION COST = 1994.9532
DECAY COST         = 0823.9712


