Instance Name: N_LC109.csv
Instance Size: 50
0(0362.0000) 4 29 51 
0(0922.0000) 12 37 51 
0(0000.0000) 17 42 51 
0(0000.0000) 8 9 10 34 35 33 51 
0(0175.1295) 14 16 41 39 7 32 51 
0(0270.0000) 11 36 15 40 13 38 51 
0(0099.3772) 18 43 20 45 21 46 19 44 51 
0(0088.4471) 23 48 22 47 24 49 25 50 51 
0(0000.0000) 3 28 6 31 5 30 2 27 1 26 51 
SOL CHECK          = true
SOL COST           = 2614.04
BP  Time           = 0006.24 sec.
SOL NODES          = 3
SOL ROUTES         = 9
ROOT LB            = 2613.8655
FUEL COST          = 0725.2199
REFRIGERATION COST = 1597.5481
DECAY COST         = 0291.2724


