Instance Name: N_LC103.csv
Instance Size: 50
0(0334.8050) 4 29 51 
0(0494.5279) 6 31 51 
0(0000.0000) 7 32 51 
0(0870.8345) 12 37 51 
0(0112.6983) 10 9 35 8 34 33 51 
0(0000.0000) 18 43 17 21 42 46 51 
0(0206.8204) 11 15 36 40 16 41 51 
0(0110.0576) 24 23 22 48 25 47 19 44 50 49 51 
0(0017.0785) 1 26 3 28 5 14 39 30 2 27 51 
0(0208.8673) 13 20 45 38 51 
SOL CHECK          = true
SOL COST           = 2921.37
BP  Time           = 0003.09 sec.
SOL NODES          = 1
SOL ROUTES         = 10
ROOT LB            = 2921.3716
FUEL COST          = 0873.0282
REFRIGERATION COST = 1703.3983
DECAY COST         = 0344.9451


