Instance Name: N_LC101.csv
Instance Size: 60
0(0301.8226) 29 59 61 
0(0216.9500) 30 60 61 
0(0051.8673) 5 35 6 36 61 
0(0266.8656) 10 40 9 39 2 32 61 
0(0129.8755) 3 1 4 34 31 33 61 
0(0022.3944) 11 41 15 45 16 12 46 14 44 42 61 
0(0023.1942) 8 38 7 13 37 43 61 
0(0017.9921) 17 18 47 48 19 49 61 
0(0305.9211) 20 50 21 51 61 
0(0000.0000) 23 22 53 52 24 54 25 55 28 58 27 57 26 56 61 
SOL CHECK          = true
SOL COST           = 4699.65
BP  Time           = 0000.06 sec.
SOL NODES          = 1
SOL ROUTES         = 10
ROOT LB            = 4699.6522
FUEL COST          = 0978.6744
REFRIGERATION COST = 2460.7588
DECAY COST         = 1260.2190


