Instance Name: N_LC106.csv
Instance Size: 50
0(0629.9002) 2 27 51 
0(0207.0000) 6 31 51 
0(0484.6887) 7 32 51 
0(0876.8345) 13 38 51 
0(0169.4739) 19 44 51 
0(0697.6447) 20 45 51 
0(0067.0000) 11 36 15 40 51 
0(0013.1942) 8 33 9 10 35 34 51 
0(0139.8755) 3 4 1 29 26 28 51 
0(0026.1957) 5 14 30 16 41 12 39 37 51 
0(0077.3772) 18 17 43 21 46 42 51 
0(0051.4471) 25 24 23 22 49 50 47 48 51 
SOL CHECK          = true
SOL COST           = 3598.08
BP  Time           = 0000.04 sec.
SOL NODES          = 1
SOL ROUTES         = 12
ROOT LB            = 3598.0810
TC                 = 0934.3781
RC                 = 1985.3474
DC                 = 0678.3555
FLabel             = 2353
FDom               = 988
BLabel             = 1002
BDom               = 297


