Instance Name: N_LC106.csv
Instance Size: 60
0(0629.9002) 2 32 61 
0(0207.0000) 6 36 61 
0(0484.6887) 7 37 61 
0(0876.8345) 13 43 61 
0(0169.4739) 19 49 61 
0(0334.8226) 29 59 61 
0(0306.9500) 30 60 61 
0(0067.0000) 11 41 15 45 61 
0(0013.1942) 8 38 9 10 40 39 61 
0(0628.9465) 20 50 28 58 61 
0(0139.8755) 3 4 1 34 31 33 61 
0(0026.1957) 5 14 35 16 46 12 44 42 61 
0(0077.3772) 18 17 48 21 51 47 61 
0(0046.4471) 25 24 23 22 26 54 27 55 56 52 57 53 61 
SOL CHECK          = true
SOL COST           = 4767.66
BP  Time           = 0000.35 sec.
SOL NODES          = 1
SOL ROUTES         = 14
ROOT LB            = 4767.6587
FUEL COST          = 1164.3195
REFRIGERATION COST = 2226.8490
DECAY COST         = 1376.4903


