Instance Name: N_LC102.csv
Instance Size: 50
0(0393.1690) 6 31 51 
0(0764.0000) 12 37 51 
0(0117.0000) 13 38 51 
0(0526.6887) 21 46 51 
0(0055.1562) 1 26 3 28 51 
0(0383.9289) 14 39 16 41 51 
0(0112.6983) 10 9 35 34 8 33 51 
0(0012.3529) 7 32 2 27 5 30 4 29 51 
0(0025.4471) 22 24 23 47 25 49 48 19 44 50 51 
0(0063.0000) 11 15 40 36 51 
0(0000.0000) 18 43 17 42 20 45 51 
SOL CHECK          = true
SOL COST           = 3029.92
BP  Time           = 0000.17 sec.
SOL NODES          = 1
SOL ROUTES         = 11
ROOT LB            = 3029.9187
TC                 = 0861.8550
RC                 = 1815.6603
DC                 = 0352.4034
FLabel             = 7201
FDom               = 3576
BLabel             = 2060
BDom               = 708


