Instance Name: N_LC105.csv
Instance Size: 60
0(0340.8892) 4 34 61 
0(0419.2369) 6 36 61 
0(0159.4739) 19 49 61 
0(0242.5649) 29 59 61 
0(0154.9429) 30 60 61 
0(0054.8673) 3 33 5 35 61 
0(0124.1942) 8 38 10 40 9 39 61 
0(0691.1886) 12 14 44 42 61 
0(0138.6983) 7 37 2 32 1 31 61 
0(0125.1611) 18 17 47 21 51 48 20 50 61 
0(0000.0000) 24 23 22 52 54 25 55 53 27 57 28 58 26 56 61 
0(0045.3944) 11 41 15 45 16 46 13 43 61 
SOL CHECK          = true
SOL COST           = 4040.29
BP  Time           = 0000.27 sec.
SOL NODES          = 1
SOL ROUTES         = 12
ROOT LB            = 4040.2903
TC                 = 0976.0114
RC                 = 2268.3217
DC                 = 0795.9572
FLabel             = 11042
FDom               = 6836
BLabel             = 4465
BDom               = 2593


