Instance Name: N_LC101.csv
Instance Size: 80
0(0584.9002) 4 44 81 
0(0298.2837) 6 46 81 
0(0000.0000) 11 51 81 
0(0385.0000) 16 56 81 
0(0203.8579) 35 75 81 
0(0076.5658) 39 79 81 
0(0302.9912) 40 80 81 
0(0000.0000) 31 71 29 69 81 
0(0026.8673) 5 3 45 1 2 42 41 43 81 
0(0000.0000) 8 48 7 9 49 47 81 
0(0250.9488) 10 50 12 13 14 54 53 52 81 
0(0337.4593) 24 64 25 65 28 68 27 67 26 66 81 
0(0116.1938) 37 30 77 70 36 76 81 
0(0079.4785) 18 15 55 58 19 59 81 
0(0026.9520) 23 22 63 62 32 72 81 
0(0064.7934) 33 34 73 74 38 78 81 
0(0068.3772) 17 57 20 60 21 61 81 
SOL CHECK          = true
SOL COST           = 6197.25
BP  Time           = 0002.50 sec.
SOL NODES          = 1
SOL ROUTES         = 17
ROOT LB            = 6197.2544
TC                 = 1602.7584
RC                 = 3275.9707
DC                 = 1318.5254
FLabel             = 18719
FDom               = 10678
BLabel             = 13484
BDom               = 5838


