Instance Name: S_LRC102.csv
Instance Size: 60
0(0028.8563) 29 59 61 
0(0076.7538) 30 60 61 
0(0029.6447) 12 42 8 38 61 
0(0000.0000) 2 32 1 31 7 37 3 4 33 34 61 
0(0079.1115) 13 43 11 41 61 
0(0048.2786) 14 44 18 17 47 48 61 
0(0004.8315) 27 57 28 58 26 56 61 
0(0038.5469) 15 45 16 46 61 
0(0024.4601) 23 22 53 24 54 52 61 
0(0052.1275) 6 36 5 35 61 
0(0000.0000) 20 50 21 51 19 25 49 55 61 
0(0038.3822) 10 40 9 39 61 
SOL CHECK          = true
SOL COST           = 2346.77
BP  Time           = 0000.07 sec.
SOL NODES          = 1
SOL ROUTES         = 12
ROOT LB            = 2346.7686
TC                 = 1592.3782
RC                 = 0573.2312
DC                 = 0181.1592
FLabel             = 3104
FDom               = 1156
BLabel             = 2757
BDom               = 1124


