Instance Name: S_LRC106.csv
Instance Size: 80
0(0059.5218) 27 67 81 
0(0014.5399) 2 42 4 6 46 44 39 79 81 
0(0059.8579) 8 48 7 47 81 
0(0014.0507) 19 15 55 59 14 54 21 61 81 
0(0040.1678) 9 16 49 56 81 
0(0012.2352) 37 77 35 18 58 75 20 60 81 
0(0014.1425) 34 74 5 3 43 1 41 45 81 
0(0056.8690) 26 25 66 65 81 
0(0007.7108) 24 64 23 22 62 63 28 68 81 
0(0024.5477) 31 71 30 70 29 69 81 
0(0047.4590) 32 72 33 73 38 78 81 
0(0000.7646) 17 57 36 76 40 80 81 
0(0030.9079) 11 10 50 12 13 53 51 52 81 
SOL CHECK          = true
SOL COST           = 2778.38
BP  Time           = 0075.41 sec.
SOL NODES          = 121
SOL ROUTES         = 13
ROOT LB            = 2707.5703
FUEL COST          = 1781.9146
REFRIGERATION COST = 0686.7837
DECAY COST         = 0309.6786


