Instance Name: S_LRC101.csv
Instance Size: 50
0(0052.0000) 20 45 51 
0(0040.7108) 21 46 51 
0(0024.9840) 2 27 5 30 51 
0(0026.6447) 10 35 9 34 51 
0(0087.0000) 15 40 16 41 51 
0(0030.6887) 4 3 28 1 26 29 51 
0(0038.4739) 8 33 6 31 51 
0(0050.0690) 11 36 7 32 51 
0(0028.9051) 14 39 12 37 13 38 51 
0(0019.1603) 18 17 42 43 51 
0(0024.3415) 22 19 47 44 51 
0(0015.4412) 24 49 23 25 50 48 51 
SOL CHECK          = true
SOL COST           = 2237.43
BP  Time           = 0000.10 sec.
SOL NODES          = 23
SOL ROUTES         = 12
ROOT LB            = 2152.4073
FUEL COST          = 1568.6816
REFRIGERATION COST = 0537.8941
DECAY COST         = 0130.8531


