Instance Name: S_LRC108.csv
Instance Size: 80
0(0143.7574) 35 75 81 
0(0006.7062) 28 5 45 68 4 44 3 1 41 43 81 
0(0000.0000) 7 9 47 49 8 48 10 11 50 51 81 
0(0027.7616) 39 79 20 60 18 19 59 58 81 
0(0048.0000) 33 73 6 46 2 42 81 
0(0050.1177) 30 70 14 54 16 56 17 57 81 
0(0023.7910) 27 26 66 24 67 25 23 64 63 65 81 
0(0019.0083) 36 76 32 72 37 77 81 
0(0096.3800) 38 78 34 74 81 
0(0013.0175) 12 13 15 53 52 55 29 69 81 
0(0009.9216) 22 62 21 61 31 40 71 80 81 
SOL CHECK          = true
SOL COST           = 2349.17
BP  Time           = 0961.05 sec.
SOL NODES          = 213
SOL ROUTES         = 11
ROOT LB            = 2325.2556
TC                 = 1425.4770
RC                 = 0616.1890
DC                 = 0307.5015
FLabel             = 195224
FDom               = 135679
BLabel             = 124337
BDom               = 61352


