Instance Name: S_LRC105.csv
Instance Size: 80
0(0035.9912) 20 60 81 
0(0005.3438) 24 64 13 15 55 53 18 58 81 
0(0004.4133) 21 61 19 59 23 22 62 63 81 
0(0061.9488) 6 46 5 45 81 
0(0020.1302) 9 49 7 47 8 48 81 
0(0034.9884) 26 27 66 25 65 67 81 
0(0028.3423) 17 57 14 54 34 74 81 
0(0030.7359) 30 31 70 71 81 
0(0000.0000) 35 36 75 76 81 
0(0035.9445) 28 68 29 69 38 78 81 
0(0079.4947) 37 77 39 79 81 
0(0031.8197) 16 56 40 80 81 
0(0000.0269) 33 73 10 11 12 52 51 50 81 
0(0005.1971) 2 42 32 72 3 43 4 44 1 41 81 
SOL CHECK          = true
SOL COST           = 2846.98
BP  Time           = 0000.89 sec.
SOL NODES          = 1
SOL ROUTES         = 14
ROOT LB            = 2846.9810
TC                 = 1854.5094
RC                 = 0767.9593
DC                 = 0224.5122
FLabel             = 16164
FDom               = 7300
BLabel             = 17434
BDom               = 6739


