Instance Name: S_LRC103.csv
Instance Size: 80
0(0125.7527) 35 75 81 
0(0101.0000) 12 10 50 52 81 
0(0034.1941) 39 79 3 5 45 43 1 41 81 
0(0002.9961) 2 42 6 46 4 44 81 
0(0038.0558) 11 51 8 48 38 78 81 
0(0030.9764) 32 72 14 54 17 57 81 
0(0000.0000) 22 19 59 62 21 61 81 
0(0019.8734) 23 24 64 63 29 34 74 69 81 
0(0017.9447) 28 68 25 26 65 27 67 66 81 
0(0008.4563) 30 70 9 49 7 47 37 77 81 
0(0011.5926) 15 13 55 53 16 56 36 76 33 73 81 
0(0000.0000) 40 31 80 71 18 58 20 60 81 
SOL CHECK          = true
SOL COST           = 2557.27
BP  Time           = 6617.85 sec.
SOL NODES          = 6803
SOL ROUTES         = 12
ROOT LB            = 2479.7861
FUEL COST          = 1580.4034
REFRIGERATION COST = 0664.4429
DECAY COST         = 0312.4195


