Instance Name: S_LRC104.csv
Instance Size: 80
0(0000.0000) 40 80 6 46 2 42 4 44 5 45 81 
0(0000.0000) 3 1 41 43 30 70 7 47 35 75 81 
0(0000.0000) 14 10 54 50 8 48 12 52 11 51 81 
0(0001.8899) 17 57 18 58 15 55 16 56 19 59 81 
0(0000.0000) 22 62 21 61 20 60 23 24 64 63 81 
0(0000.0000) 29 69 28 68 27 26 66 25 67 65 81 
0(0061.7805) 34 74 36 76 81 
0(0010.6892) 13 53 9 49 39 79 38 78 33 73 81 
0(0000.0000) 37 31 77 71 32 72 81 
SOL CHECK          = true
SOL COST           = 2073.92
BP  Time           = 6774.14 sec.
SOL NODES          = 999
SOL ROUTES         = 9
ROOT LB            = 2033.8681
FUEL COST          = 1298.3883
REFRIGERATION COST = 0611.0638
DECAY COST         = 0164.4691


