Instance Name: S_LRC103.csv
Instance Size: 50
0(0000.0000) 22 47 21 46 51 
0(0000.0000) 18 43 19 44 20 45 51 
0(0027.1350) 11 36 3 28 5 30 51 
0(0032.2482) 9 34 7 32 8 33 51 
0(0089.2053) 12 37 10 35 51 
0(0014.1530) 23 24 25 50 49 48 51 
0(0000.0000) 15 40 13 38 16 14 41 39 17 42 51 
0(0002.3156) 1 26 6 31 4 29 2 27 51 
SOL CHECK          = true
SOL COST           = 1703.14
BP  Time           = 0008.94 sec.
SOL NODES          = 553
SOL ROUTES         = 8
ROOT LB            = 1595.4843
FUEL COST          = 1177.7904
REFRIGERATION COST = 0429.0172
DECAY COST         = 0096.3289


