Instance Name: S_LRC105.csv
Instance Size: 50
0(0045.4739) 7 32 51 
0(0000.0000) 24 49 51 
0(0024.7689) 12 37 11 36 51 
0(0089.6983) 3 4 29 28 1 26 51 
0(0036.9393) 2 27 6 31 5 30 51 
0(0060.1302) 9 34 10 8 35 33 51 
0(0028.7454) 17 42 15 40 13 38 51 
0(0031.8197) 16 14 41 39 18 43 51 
0(0004.4133) 21 46 19 44 23 22 47 48 51 
0(0018.7419) 20 45 25 50 51 
SOL CHECK          = true
SOL COST           = 1875.73
BP  Time           = 0000.03 sec.
SOL NODES          = 1
SOL ROUTES         = 10
ROOT LB            = 1875.7348
FUEL COST          = 1306.7485
REFRIGERATION COST = 0471.3653
DECAY COST         = 0097.6210


