Instance Name: S_LRC105.csv
Instance Size: 60
0(0045.4739) 7 37 61 
0(0035.9912) 20 50 61 
0(0000.0000) 24 54 61 
0(0024.7689) 12 42 11 41 61 
0(0000.0000) 30 60 3 33 1 4 34 31 61 
0(0036.9393) 2 32 6 36 5 35 61 
0(0060.1302) 9 39 10 8 40 38 61 
0(0028.7454) 17 47 15 45 13 43 61 
0(0031.8197) 16 14 46 44 18 48 61 
0(0004.4133) 21 51 19 49 23 22 52 53 61 
0(0034.9884) 26 27 56 25 55 57 61 
0(0035.9445) 28 58 29 59 61 
SOL CHECK          = true
SOL COST           = 2217.80
BP  Time           = 0000.07 sec.
SOL NODES          = 1
SOL ROUTES         = 12
ROOT LB            = 2217.7991
FUEL COST          = 1531.3855
REFRIGERATION COST = 0570.7927
DECAY COST         = 0115.6209


