Instance Name: S_LRC101.csv
Instance Size: 60
0(0087.0000) 15 45 61 
0(0052.0000) 20 50 61 
0(0024.9840) 2 32 5 35 61 
0(0026.6447) 10 40 9 39 61 
0(0029.1852) 14 44 12 42 61 
0(0030.6887) 4 3 33 1 31 34 61 
0(0038.4739) 8 38 6 36 61 
0(0050.0690) 11 41 7 37 61 
0(0045.7646) 29 13 43 59 16 46 61 
0(0025.3077) 21 17 47 51 61 
0(0034.9912) 18 30 48 60 61 
0(0024.3415) 22 19 52 49 61 
0(0028.8432) 28 58 25 23 55 53 61 
0(0003.1728) 24 27 54 26 56 57 61 
SOL CHECK          = true
SOL COST           = 2740.03
BP  Time           = 0000.11 sec.
SOL NODES          = 7
SOL ROUTES         = 14
ROOT LB            = 2685.4066
FUEL COST          = 1783.6107
REFRIGERATION COST = 0640.0705
DECAY COST         = 0316.3472


