Instance Name: S_LRC101.csv
Instance Size: 80
0(0030.6887) 4 44 81 
0(0052.0000) 20 60 81 
0(0101.0000) 33 73 81 
0(0111.7574) 35 75 81 
0(0029.5736) 37 77 81 
0(0029.1852) 14 54 12 52 81 
0(0012.5507) 2 42 5 45 3 43 1 41 81 
0(0047.8887) 11 51 6 46 81 
0(0057.0000) 32 72 7 47 81 
0(0025.4739) 8 48 9 49 38 78 81 
0(0024.0789) 31 71 13 15 53 55 81 
0(0025.3077) 21 17 57 61 81 
0(0006.3797) 22 18 19 62 58 59 81 
0(0028.8432) 28 68 25 23 65 63 81 
0(0003.1728) 24 27 64 26 66 67 81 
0(0045.7646) 29 69 16 56 81 
0(0052.8452) 40 80 30 70 81 
0(0053.7752) 39 34 74 79 81 
0(0005.5323) 10 50 36 76 81 
SOL CHECK          = true
SOL COST           = 3648.41
BP  Time           = 0000.12 sec.
SOL NODES          = 1
SOL ROUTES         = 19
ROOT LB            = 3648.4114
FUEL COST          = 2402.6965
REFRIGERATION COST = 0890.9133
DECAY COST         = 0354.8016


