Instance Name: S_LRC106.csv
Instance Size: 60
0(0076.7805) 11 41 61 
0(0032.9961) 2 32 4 3 34 33 1 31 61 
0(0069.9488) 6 36 5 35 61 
0(0058.3795) 8 9 38 39 61 
0(0038.5268) 10 40 12 16 42 46 61 
0(0042.5921) 17 47 14 44 21 51 61 
0(0009.0085) 19 49 18 48 20 50 61 
0(0031.3166) 26 24 54 25 56 55 61 
0(0017.3845) 15 45 28 58 61 
0(0049.9884) 30 60 29 59 61 
0(0050.0250) 7 13 43 37 61 
0(0011.3797) 27 23 22 52 53 57 61 
SOL CHECK          = true
SOL COST           = 2476.73
BP  Time           = 0003.24 sec.
SOL NODES          = 125
SOL ROUTES         = 12
ROOT LB            = 2406.4806
FUEL COST          = 1626.5339
REFRIGERATION COST = 0550.6178
DECAY COST         = 0299.5765


