Instance Name: S_LRC106.csv
Instance Size: 50
0(0076.7805) 11 36 51 
0(0032.9961) 2 27 4 3 29 28 1 26 51 
0(0069.9488) 6 31 5 30 51 
0(0062.6148) 8 10 35 33 7 32 51 
0(0015.5503) 13 38 12 16 37 41 51 
0(0042.5921) 17 42 14 39 21 46 51 
0(0017.3845) 15 40 18 43 20 45 51 
0(0005.1085) 24 49 23 25 48 22 47 50 51 
0(0000.0000) 19 9 44 34 51 
SOL CHECK          = true
SOL COST           = 1785.96
BP  Time           = 0000.05 sec.
SOL NODES          = 1
SOL ROUTES         = 9
ROOT LB            = 1785.9609
FUEL COST          = 1220.3577
REFRIGERATION COST = 0440.0353
DECAY COST         = 0125.5679


