Instance Name: S_LRC107.csv
Instance Size: 80
0(0115.8828) 32 72 81 
0(0000.6447) 11 10 50 51 8 48 37 77 81 
0(0019.5082) 16 56 13 14 12 52 53 54 81 
0(0072.0000) 17 57 15 55 81 
0(0011.1942) 2 42 6 46 3 5 43 1 45 41 4 44 33 73 81 
0(0027.2769) 22 62 20 60 19 59 81 
0(0000.0000) 27 26 67 66 28 68 25 65 24 64 81 
0(0050.3994) 38 78 34 74 81 
0(0012.5599) 18 36 76 35 75 58 81 
0(0000.0000) 39 79 30 40 80 70 81 
0(0011.3172) 23 63 21 61 29 69 81 
0(0020.1672) 31 71 9 7 49 47 81 
SOL CHECK          = true
SOL COST           = 2568.51
BP  Time           = 0452.71 sec.
SOL NODES          = 473
SOL ROUTES         = 12
ROOT LB            = 2536.0443
TC                 = 1608.8469
RC                 = 0677.8900
DC                 = 0281.7737
FLabel             = 43627
FDom               = 27794
BLabel             = 32581
BDom               = 14274


