Instance Name: S_LRC102.csv
Instance Size: 80
0(0103.9584) 37 77 81 
0(0006.5620) 2 1 42 41 7 47 4 44 81 
0(0061.7805) 36 13 76 11 53 51 81 
0(0027.7745) 14 15 55 54 18 58 81 
0(0029.9884) 27 67 26 66 81 
0(0024.4590) 31 28 68 30 70 71 81 
0(0036.6725) 32 72 35 75 81 
0(0008.8137) 12 52 8 48 38 78 81 
0(0027.4172) 29 69 39 79 81 
0(0050.5292) 6 46 5 3 43 45 81 
0(0038.3822) 10 50 9 49 81 
0(0048.4633) 40 80 16 56 81 
0(0024.4601) 23 22 63 24 64 62 81 
0(0000.0000) 20 60 21 61 19 25 59 65 81 
0(0018.9996) 33 34 74 73 17 57 81 
SOL CHECK          = true
SOL COST           = 2959.71
BP  Time           = 0000.67 sec.
SOL NODES          = 1
SOL ROUTES         = 15
ROOT LB            = 2959.7100
TC                 = 1959.1101
RC                 = 0757.5235
DC                 = 0243.0764
FLabel             = 14812
FDom               = 5666
BLabel             = 12778
BDom               = 4434


